<?xml version="1.0"?> 
<opencv_storage>

<startFrame>900</startFrame>
<endFrame>1000</endFrame>
<userID>jun.xie@tue.mpg.de</userID>

<object1>
<index>1</index>
<label>tree</label>
<category>instance</category>
<level_min>-3</level_min>
<level_max>10</level_max>
<color>0x00ff00</color>
<transform type_id="opencv-matrix">
<rows>4</rows>
<cols>4</cols>
<dt>f</dt>
<data>
2 0 0 0.912077009677887 0 2 0 0.22955800592899323 0 0 2 -0.22099700570106506 0 0 0 1 </data></transform>
<vertices type_id="opencv-matrix">
<rows>63</rows>
<cols>3</cols>
<dt>f</dt>
<data>
0 1 0 0 1 0 0 1 0 0 1 0 0 1 0 0 1 0 0 1 0 0 1 0 0 1 0 -0.5 0.8660254037844387 0 -0.35355339059327373 0.8660254037844387 0.35355339059327373 0 0.8660254037844387 0.5 0.3535533905932737 0.8660254037844387 0.3535533905932738 0.5 0.8660254037844387 6.12323399409214e-17 0.3535533905932738 0.8660254037844387 -0.3535533905932737 9.184850980798453e-17 0.8660254037844387 -0.5 -0.3535533905932737 0.8660254037844387 -0.3535533905932738 -0.5 0.8660254037844387 -1.224646798818428e-16 -0.8660254037844387 0.5 0 -0.6123724356957945 0.5 0.6123724356957945 0 0.5 0.8660254037844387 0.6123724356957945 0.5 0.6123724356957946 0.8660254037844387 0.5 1.0605752384400494e-16 0.6123724356957946 0.5 -0.6123724356957945 1.5908628558691756e-16 0.5 -0.8660254037844387 -0.6123724356957945 0.5 -0.6123724356957946 -0.8660254037844387 0.5 -2.1211504768800987e-16 -1 0 0 -0.7071067811865475 0 0.7071067811865475 0 0 1 0.7071067811865474 0 0.7071067811865476 1 0 1.224646798818428e-16 0.7071067811865476 0 -0.7071067811865474 1.8369701961596905e-16 0 -1 -0.7071067811865474 0 -0.7071067811865476 -1 0 -2.449293597636856e-16 -0.8660254037844389 -0.4999999999999997 0 -0.6123724356957947 -0.4999999999999997 0.6123724356957947 0 -0.4999999999999997 0.8660254037844389 0.6123724356957946 -0.4999999999999997 0.6123724356957948 0.8660254037844389 -0.4999999999999997 1.0605752384400497e-16 0.6123724356957948 -0.4999999999999997 -0.6123724356957946 1.590862855869176e-16 -0.4999999999999997 -0.8660254037844389 -0.6123724356957946 -0.4999999999999997 -0.6123724356957948 -0.8660254037844389 -0.4999999999999997 -2.1211504768800995e-16 -0.49999999999999983 -0.8660254037844388 0 -0.3535533905932736 -0.8660254037844388 0.3535533905932736 0 -0.8660254037844388 0.49999999999999983 0.35355339059327356 -0.8660254037844388 0.3535533905932737 0.49999999999999983 -0.8660254037844388 6.123233994092138e-17 0.3535533905932737 -0.8660254037844388 -0.35355339059327356 9.18485098079845e-17 -0.8660254037844388 -0.49999999999999983 -0.35355339059327356 -0.8660254037844388 -0.3535533905932737 -0.49999999999999983 -0.8660254037844388 -1.2246467988184275e-16 -1.224646798818428e-16 -1 0 -8.65956056002908e-17 -1 8.65956056002908e-17 0 -1 1.224646798818428e-16 8.659560560029079e-17 -1 8.659560560029081e-17 1.224646798818428e-16 -1 1.4997597818562235e-32 8.659560560029081e-17 -1 -8.659560560029079e-17 2.2496396702518247e-32 -1 -1.224646798818428e-16 -8.659560560029079e-17 -1 -8.659560560029081e-17 -1.224646798818428e-16 -1 -2.999519563712447e-32 </data></vertices>
<faces type_id="opencv-matrix">
<rows>80</rows>
<cols>3</cols>
<dt>u</dt>
<data>
1 9 10 2 10 11 3 11 12 4 12 13 5 13 14 6 14 15 7 15 16 8 16 17 10 9 19 9 18 19 11 10 20 10 19 20 12 11 21 11 20 21 13 12 22 12 21 22 14 13 23 13 22 23 15 14 24 14 23 24 16 15 25 15 24 25 17 16 26 16 25 26 19 18 28 18 27 28 20 19 29 19 28 29 21 20 30 20 29 30 22 21 31 21 30 31 23 22 32 22 31 32 24 23 33 23 32 33 25 24 34 24 33 34 26 25 35 25 34 35 28 27 37 27 36 37 29 28 38 28 37 38 30 29 39 29 38 39 31 30 40 30 39 40 32 31 41 31 40 41 33 32 42 32 41 42 34 33 43 33 42 43 35 34 44 34 43 44 37 36 46 36 45 46 38 37 47 37 46 47 39 38 48 38 47 48 40 39 49 39 48 49 41 40 50 40 49 50 42 41 51 41 50 51 43 42 52 42 51 52 44 43 53 43 52 53 46 45 54 47 46 55 48 47 56 49 48 57 50 49 58 51 50 59 52 51 60 53 52 61 </data></faces>
</object1>

<object2>
<index>2</index>
<label>ddd</label>
<category>instance</category>
<level_min>-3</level_min>
<level_max>10</level_max>
<color>0xc6f47d</color>
<transform type_id="opencv-matrix">
<rows>4</rows>
<cols>4</cols>
<dt>f</dt>
<data>
4 0 0 0.912077009677887 0 4 0 -8.3803129196167 0 0 4 22.668712615966797 0 0 0 1 </data></transform>
<vertices type_id="opencv-matrix">
<rows>8</rows>
<cols>3</cols>
<dt>f</dt>
<data>
0.5 0.5 0.5 0.5 0.5 -0.5 0.5 -0.5 0.5 0.5 -0.5 -0.5 -0.5 0.5 -0.5 -0.5 0.5 0.5 -0.5 -0.5 -0.5 -0.5 -0.5 0.5 </data></vertices>
<faces type_id="opencv-matrix">
<rows>12</rows>
<cols>3</cols>
<dt>u</dt>
<data>
0 2 1 2 3 1 4 6 5 6 7 5 4 5 1 5 0 1 7 6 2 6 3 2 5 7 0 7 2 0 1 3 4 3 6 4 </data></faces>
</object2>

</opencv_storage>
