<?xml version="1.0"?> 
<opencv_storage>
<object1>
<index>1</index>
<label>car</label>
<category>instance</category>
<level_min>-1.6599999666213989e+00</level_min>
<level_max>10.</level_max>
<transform type_id="opencv-matrix">
<rows>4</rows>
<cols>4</cols>
<dt>f</dt>
<data>
0.06815334409475327 0 0 22.248994827270508 0 0.06926774978637695 0 -2.340824604034424 0 0 0.12230051308870316 -0.6503139734268188 0 0 0 1 </data></transform>
<vertices type_id="opencv-matrix">
<rows>8</rows>
<cols>3</cols>
<dt>f</dt>
<data>
-29.908172999999977 -16.3985262 9.43955469 29.908172999999977 -16.3985262 9.43955469 -29.908172999999977 -16.3985262 -9.43955469 29.908172999999977 -16.3985262 -9.43955469 29.908172999999977 16.3985262 9.43955469 -29.908172999999977 16.3985262 9.43955469 29.908172999999977 16.3985262 -9.43955469 -29.908172999999977 16.3985262 -9.43955469 </data></vertices>
<faces type_id="opencv-matrix">
<rows>12</rows>
<cols>3</cols>
<dt>u</dt>
<data>
0 2 1 2 3 1 4 6 5 6 7 5 4 5 1 5 0 1 7 6 2 6 3 2 5 7 0 7 2 0 1 3 4 3 6 4 </data></faces>
</object1>

<object2>
<index>2</index>
<label>car</label>
<category>instance</category>
<level_min>-1.6599999666213989e+00</level_min>
<level_max>10.</level_max>
<transform type_id="opencv-matrix">
<rows>4</rows>
<cols>4</cols>
<dt>f</dt>
<data>
0.0736481174826622 0 0 36.854026794433594 0 0.054093338549137115 0 -1.9112863540649414 0 0 0.1607905775308609 -0.8458502888679504 0 0 0 1 </data></transform>
<vertices type_id="opencv-matrix">
<rows>8</rows>
<cols>3</cols>
<dt>f</dt>
<data>
-36.38710050000003 -22.691679 5.607017755 36.387100499999974 -22.691679 5.607017755 -36.38710050000003 -22.691679 -5.607017755 36.387100499999974 -22.691679 -5.607017755 36.387100499999974 22.691679 5.607017755 -36.38710050000003 22.691679 5.607017755 36.387100499999974 22.691679 -5.607017755 -36.38710050000003 22.691679 -5.607017755 </data></vertices>
<faces type_id="opencv-matrix">
<rows>12</rows>
<cols>3</cols>
<dt>u</dt>
<data>
0 2 1 2 3 1 4 6 5 6 7 5 4 5 1 5 0 1 7 6 2 6 3 2 5 7 0 7 2 0 1 3 4 3 6 4 </data></faces>
</object2>

<object3>
<index>3</index>
<label>car</label>
<category>instance</category>
<level_min>-1.7500000000000000e+00</level_min>
<level_max>10.</level_max>
<transform type_id="opencv-matrix">
<rows>4</rows>
<cols>4</cols>
<dt>f</dt>
<data>
0.10000000149011612 0 0 53.194942474365234 0 0.06184176728129387 0 -5.500886917114258 0 0 0.14984925091266632 -0.7224663496017456 0 0 0 1 </data></transform>
<vertices type_id="opencv-matrix">
<rows>8</rows>
<cols>3</cols>
<dt>f</dt>
<data>
-24.97488400000003 -26.9505003 6.878219140000001 24.974883999999975 -26.9505003 6.878219140000001 -24.97488400000003 -26.9505003 -6.878219139999999 24.974883999999975 -26.9505003 -6.878219139999999 24.974883999999975 26.950500299999995 6.878219140000001 -24.97488400000003 26.950500299999995 6.878219140000001 24.974883999999975 26.950500299999995 -6.878219139999999 -24.97488400000003 26.950500299999995 -6.878219139999999 </data></vertices>
<faces type_id="opencv-matrix">
<rows>12</rows>
<cols>3</cols>
<dt>u</dt>
<data>
0 2 1 2 3 1 4 6 5 6 7 5 4 5 1 5 0 1 7 6 2 6 3 2 5 7 0 7 2 0 1 3 4 3 6 4 </data></faces>
</object3>

<object4>
<index>4</index>
<label>car</label>
<category>instance</category>
<level_min>-1.5199999809265137e+00</level_min>
<level_max>10.</level_max>
<transform type_id="opencv-matrix">
<rows>4</rows>
<cols>4</cols>
<dt>f</dt>
<data>
0.08026711642742157 0 0 54.32670593261719 0 0.06808611005544662 0 3.9484996795654297 0 0 0.12546002864837646 -0.2425885796546936 0 0 0 1 </data></transform>
<vertices type_id="opencv-matrix">
<rows>8</rows>
<cols>3</cols>
<dt>f</dt>
<data>
-26.050506500000097 -19.648431799999997 9.044860370000002 26.050506499999983 -19.648431799999997 9.044860370000002 -26.050506500000097 -19.648431799999997 -9.044860369999999 26.050506499999983 -19.648431799999997 -9.044860369999999 26.050506499999983 19.648431799999997 9.044860370000002 -26.050506500000097 19.648431799999997 9.044860370000002 26.050506499999983 19.648431799999997 -9.044860369999999 -26.050506500000097 19.648431799999997 -9.044860369999999 </data></vertices>
<faces type_id="opencv-matrix">
<rows>12</rows>
<cols>3</cols>
<dt>u</dt>
<data>
0 2 1 2 3 1 4 6 5 6 7 5 4 5 1 5 0 1 7 6 2 6 3 2 5 7 0 7 2 0 1 3 4 3 6 4 </data></faces>
</object4>

<object5>
<index>5</index>
<label>wall</label>
<category>instance</category>
<level_min>-1.6599999666213989e+00</level_min>
<level_max>10.</level_max>
<transform type_id="opencv-matrix">
<rows>4</rows>
<cols>4</cols>
<dt>f</dt>
<data>
0.05067931115627289 0 0 20.44753074645996 0 0.045102309435606 0 -3.881740093231201 0 0 0.43897148966789246 -1.724204182624817 0 0 0 1 </data></transform>
<vertices type_id="opencv-matrix">
<rows>8</rows>
<cols>3</cols>
<dt>f</dt>
<data>
-144.36245699999995 -18.7275391 1.7124234429999996 144.36245700000006 -18.7275391 1.7124234429999996 -144.36245699999995 -18.7275391 -1.712423443 144.36245700000006 -18.7275391 -1.712423443 144.36245700000006 18.7275391 1.7124234429999996 -144.36245699999995 18.7275391 1.7124234429999996 144.36245700000006 18.7275391 -1.712423443 -144.36245699999995 18.7275391 -1.712423443 </data></vertices>
<faces type_id="opencv-matrix">
<rows>12</rows>
<cols>3</cols>
<dt>u</dt>
<data>
0 2 1 2 3 1 4 6 5 6 7 5 4 5 1 5 0 1 7 6 2 6 3 2 5 7 0 7 2 0 1 3 4 3 6 4 </data></faces>
</object5>

<object6>
<index>6</index>
<label>road</label>
<category>stuff</category>
<level_min>-2.5799999237060547e+00</level_min>
<level_max>-1.5000000000000000e+00</level_max>
<transform type_id="opencv-matrix">
<rows>4</rows>
<cols>4</cols>
<dt>f</dt>
<data>
1 0 0 36.94915771484375 0 1 0 -0.5176939368247986 0 0 1 -2.0399999618530273 0 0 0 1 </data></transform>
<vertices type_id="opencv-matrix">
<rows>88</rows>
<cols>3</cols>
<dt>f</dt>
